min:
 shape: 3.2225384443042455
 error: 0.1555216550481728
max:
 shape: 2
 error: 0.15450289580497434
