min:
 shape: 3.2302729194149986
 error: 0.0967449462540671
max:
 shape: 4.883857709161098
 error: 0.07538453928407877
