min:
 shape: 2.949220619075892
 error: 0.04536076704118262
max:
 shape: 3.0406215092789948
 error: 0.04610903070964949
