min:
 shape: 4.517491305096838
 error: 0.3206253491983516
max:
 shape: 5.169006763185305
 error: 0.33101335561840967
