min:
 shape: 2.2317933994824273
 error: 0.5136410908519972
max:
 shape: 1.4652616224748738
 error: 0.25167977549670084
