min:
 shape: 6.5457149708202875
 error: 0.3106892851838118
max:
 shape: 0.8987613534498962
 error: 0.0983332172145283
