min:
 shape: 2.4069502501041486
 error: 0.3029334040035606
max:
 shape: 8.766210778839948
 error: 0.16902400859405747
