min:
 shape: 2.1677970634460944
 error: 0.12143731294158976
max:
 shape: 1.6810112207851642
 error: 0.09026286771073015
